8494911
17064699
18299593
59067119
51919616
67036069
58648953
47255601
47035960
26182958
43417571
17030257
62129321
39236238
12544731
63483635
9754600
57005822
67750539
19669479
37170738
61604314
46905962
66054402
61719426
53005061
30963231
66544376
16528720
12783462
19461819
25984091
46911333
63309396
63714128
54442617
26035068
63424450
7004768
9224476
67338584
58632924
4260796
25546525
12548389
63666353
22232386
47805239
4352230
47486730
57012003
13425551
56036606
59582555
15063363
58251087
67717837
65557664
44504726
55456260
158907
5500591
19194130
33113227
63584593
56012356
67711703
63466972
59941531
21171113
26212894
363297
17293051
51850356
9297538
47769667
20262292
62877174
778222
17677652
58921800
63625344
20735388
64792663
10627912
46275487
27301165
12204667
66194923
63558484
2785473
47129437
63369850
34629102
44282
21810075
36465285
3887700
51101160
30563031
47279704
1151470
46582380
1753486
67670254
57890711
22666658
28156397
26837787
611762
49956154
29602765
56764835
62004771
15946271
65613901
2794391
55066387
51278283
52412000
56689770
63467077
67601705
63826399
28844855
66212362
8059050
20879776
42382718
47896200
20409836
33552328
19327512
12957352
5331546
47202246
66933318
21772323
57850278
32365155
6066268
46927445
23665738
951666
56467109
58096545
56467109
62643164
30028383
55661193
4708131
64813017
31747213
47713501
30915265
8265374
52089157
6229789
30322581
61238436
34068476
4960333
3868096
61220364
39722462
48095389
59432275
55162070
4998857
11195287
20859991
61560303
37407571
54952941
58129058
67173415
7862469
46556119
12525955
67103010
56471769
21209361
22300139
63672375
19205626
47035143
50016560
63292358
25713037
6545046
63445531
62379941
4309968
65455009
266571
27697351
36535468
33464669
21209361
59893682
53033229
1164345
63001607
45423729
66306993
383964
54887383
54574644
3391609
60417539
60456904
10838533
45973049
59317735
58935267
40149
31852571
3480868
35720738
45518306
61522611
46917379
1012833
65476937
13025090
64461650
51541553
100710
66376889
52164968
36178568
63424068
44622986
63512266
47755648
63795260
47816559
46467390
66976741
30882222
5808897
34455083
54887383
20221145
63560269
31638352
63309293
64978734
48188002
100009
62243998
41022789
14200158
15019774
3072836
63303530
63485473
63424319
15449880
50569289
58690591
20462786
28530099
33833941
19155657
60606259
2155075
60984681
47982124
13243080
31684085
37466046
59453556
5705203
9307487
41022789
48002476
51703318
48253623
11936257
40106821
43294148
63429223
57651074
31352686
67177195
47116740
46729110
16258772
6118184
60411927
8141046
58517297
59522531
66854125
55372959
38809454
440103
14255618
6571166
63435306
53238288
55448587
66063746
50430087
63748586
61196576
12778953
46925960
48679451
59448920
43345278
67779534
25079765
54917680
53464203
40187531
62129062
67555489
54510478
60726479
47991765
22001701
58833781
61689853
7621298
2750620
1898296
403437
2942407
32423630
280458
64836317
17739258
45621064
2998772
40175367
46917810
60547393
66298464
1584329
63462123
16698466
66223066
19715705
15250450
3379165
54161118
67663485
31896669
46587395
15336884
6865120
39620714
8354880
59075055
55452685
38528724
8407629
44411870
66032812
48621327
27369738
60449714
59785372
36899831
34689998
13198451
66325016
9510592
52530168
54177546
60420387
50954200
22284228
35913499
67261864
63520614
61535606
65629111
60496331
46830268
47324579
164482
9236731
2536939
63446634
10650821
50569289
59350599
43123072
22479426
17178846
63820898
63827972
67400559
38528724
67141160
67083918
794701
44583701
106816
9602070
52253656
67496555
30297497
2447749
67446839
60814157
50682886
59317004
57779916
23143429
50385992
19474634
58052225
51309295
62559462
30627468
67720858
14234475
15261706
56167548
66821096
60600246
66166831
13246005
315624
40841265
30298948
57367891
6177008
47717392
63437584
7141922
65942143
34481508
20355885
63510423
55735702
53630733
23577958
63435724
67611016
57569421
67741195
55471534
65456900
66980474
63437383
28817617
47827541
66565657
38352880
43901754
63275584
6351260
34241965
64660968
44042535
125389
67400565
33832264
59607417
19618068
64782688
59743160
51522748
55220398
53743320
42919323
55034872
49894663
56686535
43504812
46656479
37734509
62960591
29627372
54666338
56416483
65330934
116352
56584247
2042350
34150277
46705769
62073878
35047175
54222280
8293046
60229585
25990406
31512182
55739728
66099583
52891267
37706804
41495314
58892064
49259423
65942129
59371823
33108641
9977193
20720369
29683781
13347309
34237285
66776918
51565821
27218006
53614080
6909533
688543
132885
67688598
63495050
21157219
67184814
57397503
63486024
46377784
56780606
3904816
65683031
19636269
57979957
60095902
8069958
26256023
66055112
60829842
19210119
33102913
66256984
3188287
52469409
42964979
59739488
31347223
60622641
50388773
63592957
31735532
63730848
55062748
60934917
31109472
54200935
62383756
57480382
55772450
51597025
50839717
2259476
27247334
66345709
50463314
33935987
15192175
920396
6590551
36068432
40257833
56308713
67047154
55034872
61404485
683016
48742322
65794712
66534103
67716967
18689844
46587395
20884760
66388588
52912296
65695487
64619685
46029633
1942169
50302231
1382798
46866157
57360450
18035328
21826472
376955
30283874
6828092
67655105
53066502
63883025
3119572
54001343
61591882
35712473
42199676
59034467
54949834
26684929
66181053
21191132
20826988
55312078
27509781
36989506
1756858
164570
9551514
43609240
64051120
58499801
56516453
2016897
66531301
46616641
62244566
23098695
9082286
52861467
46597473
64744468
39171392
5428607
9318196
65945273
42553097
22479426
7463451
60884716
66725429
65514459
60544990
58989054
12643676
56572907
53342423
55766068
58954784
55058559
20438795
3435888
20210874
51804039
61405605
40125480
44953676
55031580
61935967
9550944
17881112
67699291
51236204
43675006
35951226
56029911
67145838
60160464
20605554
67031490
52530168
3037436
52675685
13531913
19184898
48206711
66022298
38652888
51225980
40309884
63561667
21508750
60881599
20517171
63454679
31395544
4062158
65900470
63204954
59671705
13791667
2320729
56357886
67481143
32115556
48845400
66621526
43572045
67722441
8715824
28691186
20629764
64615041
40308228
41264726
63551505
16944177
57743642
20439261
475489
30511793
55341108
49646878
57925440
32419003
65406874
17566892
10148436
13500940
48109612
19077439
17546922
55312078
13347309
21035839
5222847
46946312
46879316
529807
31653548
13327833
2179802
14442999
63153265
43016856
12033645
39465977
55146129
64531196
15088596
1091883
51625092
13847603
15937879
35018009
20636362
44583701
47343451
12549349
65479342
53023374
53004275
46986598
4483418
65041485
64480856
18828488
22536300
17630868
49832743
8635744
50905101
4550865
33263423
62957901
47564700
38297683
50069277
48896996
36293864
67320513
48238844
62961135
55374297
57599329
7124272
38129148
66131932
6326609
48272806
4153835
12676508
65479342
48257728
27579909
9218348
64553474
67188931
58755607
1056821
1482483
2769594
50251914
50418987
27247334
46909958
8132606
65920688
59156517
3344151
64460681
15885138
65680367
62407506
67509057
56665554
30297694
40230320
47258697
25013199
20961438
54701385
66270985
15346885
17074302
97499
46650964
58801698
57937047
48125259
54329548
150386
56784704
67480699
35158277
48326058
33185709
49476825
28611329
43779240
65928711
25046007
12516508
67032851
61277884
54489533
66272646
46905979
14074046
19632088
62137533
25112860
51004296
5195
32385990
42944626
52410611
16279242
63305191
63588629
66644433
48458017
580839
16963563
16706812
19292256
66364661
13619698
66392272
672934
56126907
62313381
44323701
46925065
54412471
15993872
57353271
12298053
62562013
57832626
64561362
37400387
33881625
46594165
67403211
26112754
16454790
23697687
66984685
65696042
38075048
64698507
61395459
11788985
56866850
60889083
60171076
1437922
61454142
21577289
30256504
63503604
63228081
67762157
51657665
64681599
6774837
55570826
55957955
48744254
3200749
67318553
55691115
36122415
48879633
63512963
307629
39279201
23632445
66462956
4877874
63615585
56677156
38219500
62999091
9969092
66878165
46821862
15367919
635137
47108503
17606411
786268
65507134
33058824
63160186
56926546
52055021
45583215
64338326
58272195
48742322
34628061
46928906
32730561
23754499
65422551
55486026
60640881
47928139
49703473
59005401
26556412
61322241
47458963
33688199
36083358
23225813
61597904
66077652
41392851
67071968
34600515
67440087
30323633
52172878
11157880
40184017
63551785
55879169
46930411
33798273
10923681
52880083
57915734
34822369
63424192
67719317
67759736
38757076
65388928
67144803
64660662
66738462
49561065
55035586
54496156
35299261
6834394
42289452
63384945
36811649
65200689
18680588
61590963
53990505
7499171
14903167
19378024
20361278
11826017
8201677
13136516
58806903
60187945
64978119
63583239
60922181
63002049
51374481
43380238
31312993
53010651
56314280
60971761
56318086
63437458
62363398
61182809
64675626
67440087
1564899
66848762
65680824
57878203
57379123
189417
46657927
307101
19058820
